% BUS DATA FOR 37 BUS SYSTEM...
function busdata = busdata37()
       %|BUS|   |REAL(PU)| |REACTIVE(PU)|
       %|NO |   |LOAD    | |LOAD        | 

busdata = [ 1	0       0
            2	0.1     0.06
            3	0.09	0.04
            4	0.12	0.08
            5	0.06	0.03
            6	0.06	0.02
            7	0.2     0.1
            8	0.2     0.1
            9	0.06	0.02
            10	0.06	0.02
            11	0.045	0.03
            12	0.06	0.035
            13	0.06	0.035
            14	0.12	0.08
            15	0.06	0.01
            16	0.06	0.02
            17	0.06	0.02
            18	0.09	0.04
            19	0.09	0.04
            20	0.09	0.04
            21	0.09	0.04
            22	0.09	0.04
            23	0.09	0.05
            24	0.42	0.2
            25	0.42	0.2
            26	0.06	0.025
            27	0.06	0.025
            28	0.06	0.02
            29	0.12	0.07
            30	0.2     0.6
            31	0.15	0.07
            32	0.21	0.1
            33	0.06	0.04
            34	0       0
            35	0       0
            36	0       0
            37	0       0
            38	0       0];
